1.266901321622390668e+02
2.203378856739905967e-01
2.133504188230738237e+02
2.715948600393585100e-01
5.658713472598193572e-01
2.786695457060904269e-01
8.312960081177450666e-01
4.830246115745185920e-01
5.863811048216349686e-01
2.306102567436656425e-01
6.527792879848373642e-02
1.515537185217627481e-01
5.635701305043554488e-01
3.001773862031943407e-01
6.444416437063260616e-01
2.148985694431201239e+02
3.113039400374413290e-01
1.398089188123680937e-01
4.386777415467487118e-01
2.974081791165110733e-01
1.935946895610489160e-01