1.510324123123872653e+02
1.750353824866765251e+02
7.301162287610576129e+01
1.674412903535269947e+00
1.783614004917741624e+02
2.225816176466836396e+02
8.952869873604461759e+01
1.735360340968640891e+00
1.289735342520099470e+00
3.937962052720664907e-01
1.145254254339599820e+00
2.591107163785023886e+02
6.599910343338869501e-01
1.373664942715213222e+00
8.323042231722502793e-01
3.378496798020407255e-01
8.679790221864288613e-01
5.667233114323886323e-01
1.448591870898451317e-01
3.320306369859078899e+00
2.198606063267124000e+02
1.709924205958876620e+00
1.035699472044805169e+00
1.843113519303578585e+02
4.899463543721240821e-01
3.966631710440080560e-01
1.897582529238408711e+02
1.532973895964725557e+02
4.189882005622586059e-01
7.550088820600950612e+01
1.443001197883777342e+00
7.101856601952427628e-01
3.153891732814412263e-01
4.342476904524436576e-01
3.148369640656046298e-01
3.311766286574956419e-01
3.998587392774400229e+00
1.007176303441246645e+00
2.022091538790093068e+02
1.257067896285403386e+00
7.096674897063790510e-01
4.243555861550891151e-01
5.259262473946415550e-01
1.576659135930702291e+02
1.459608774087114869e+00
5.023318021462150895e+00
2.109861366167598284e-01
5.878923201913108798e+00
3.574642073172060175e-01
5.111087434853959222e-01
1.135865065555271142e-01
2.288781120568707250e-01
1.109282394007415684e+00
4.129315318995902540e-01
4.112827127550739981e-01
4.821831192478471251e-01
1.654997071279837257e+02
3.470074295842008549e+00
7.858019116191016451e+01
1.741208144152427639e+00
5.285760194780927401e-01
1.777769060484161230e+02
2.068582333277680334e+02
1.080500836293151412e+00
1.930916776155535786e+02
1.529232453214702137e+00
1.382952675458014591e-01
5.834950036616208813e-01
2.188317066761506169e+02
1.479946106415656937e+00
3.142421708874690300e-01
7.057198901238764810e-01
9.051756878671349682e+01
4.184458186874756569e-01
5.683149589825149395e-01
1.130446718165365044e-01
2.017108389043694672e+02
9.189351477585631089e-01
7.204788604467639301e-02
1.202914739256704557e+00
2.109662206417132480e-01
5.433924914802232831e-01
8.383429500944460377e-01
1.943502217260670295e-01
7.594026171218877153e+01
2.094509536674182826e-01
1.694731271172035703e+00
3.182199978570393606e-01
8.644180901047070487e-01
3.089405608851512608e-01
1.671408872927574729e-01
3.169558902056612055e+02
1.218270348412213044e+00
3.299388664101354607e+02
8.656223484087970377e-01
1.802484581183423085e-01
8.566875735676588999e-01
4.128651964762299009e+00
3.359519159338222316e+00
3.933246069587273408e-01
3.211021927594142067e-01
3.560333065530508989e+00
8.768597284367405376e-01
1.914766455465245372e+02
3.436484615083060801e-01
5.594991592171850714e-01
5.688365060609096302e-01
1.197461927848181507e+00
5.515059236873742776e-01
2.729903283348271148e-01
5.392549498823023812e-01
2.650027821888981521e+02
3.961519356908448586e+00
4.311963247984132996e-01
4.173094831139834149e-01
3.548499351004539837e-01
2.830642208078948840e+00
9.143884278204248428e-01
7.797344821086027444e-01
2.875915425906775180e+00
1.005679464205920803e+00
7.120385373546692875e+00
1.913248560228116568e-01
5.324134255354651124e-01
4.560605482590045057e+00
3.534406434417881604e-01
1.372084235966133825e+00
1.746363666668398151e+00
2.997316692812142525e-01
3.984678259546533763e+00
4.509296830384837973e-01
2.427262768068073626e+02
2.974189667156239558e-01
1.689747983801999283e+02
2.145276006543579115e+02
1.172010917603731661e+00
3.215740604006099845e-01
2.184130638208577613e-01
5.375976621680910172e-01
2.519273709087686655e+02
4.221780274590652970e-01
5.904718963283165367e-01
4.556591632398244052e+00
5.377825650326087947e-01
2.415187578536504418e+02
1.422874736383784144e+00
4.439384865568086758e-01
3.810080648198185815e-01
9.893691375762692086e-01
1.934357922740234130e+02
9.914514048196825247e-01
7.970903002406435345e-01
7.398338283355809786e-02
1.826636779912297115e+00
4.684801897084406308e-01
1.820817679965761160e+00
2.440533448289240182e-01
1.210062774855134915e+00
8.603720590989462069e-01
3.448321982970051769e-01
1.504403970217511812e+02
8.421392704572209231e-01
1.964169743405172994e+02
1.076433026401206527e+00
1.070207157633693784e+00
1.114105249136890130e+00
5.027691650942428536e-01
3.959436833278743073e+00
2.534263982725725173e-01
4.295868937197427906e-01
3.031056309826002382e-01
6.770045463179347189e-01
1.342050579137331834e+00
1.144449277454581554e-01
2.815680287847196483e-01
4.861294450175646098e+00
7.537376580473603704e-01
1.490641508606287413e-01
3.617999030491803603e-01
1.225906513725653624e-01
4.265938409893532679e+00
3.333195331030132547e+00
4.686788977551284985e-01
4.820027491307578060e+01
3.391061965411208967e-01
2.624283969298513708e-01
1.439962799024728346e+00
9.071977631282210908e-01
4.606381037653741184e-01
2.880300691158549853e+02
2.253233128626499706e+02
8.008353803924372905e-01
7.670607102459461313e-01
1.093970614900368288e+00
8.970471389094509806e-01
7.636298139393743467e-01
2.061534494966799080e+00
1.806154509144342279e+00
7.305374954064358661e-01
2.721487762761259921e-01
1.293131516806400594e+00
3.226394856414719903e-01
2.979890165257153001e-01
2.156189690718938721e+02
4.290167364869066358e-01
1.913497623769276068e-01
2.459566208258117399e+02
1.408666834160933412e+00
8.156782440557730496e-02
4.555009149858640916e-01
9.522900992582999935e-01
1.518784451555437454e-01
1.805895210751472462e+02
1.022685593169535112e+00
1.013998727314259662e+00
5.856539052288567415e-01
1.291201075699924843e+02
3.491271841274449783e-01
1.788000887735887945e+00
9.946538585914022068e-01
1.278724153729625668e-01
2.136062160022258070e+02
4.186391635639707398e-01
3.080711829505659582e-01
1.169167178384598937e+00
6.468890806321947462e-01
1.405544329213455512e+00
4.243989105573440779e-01
1.642976045937801075e+02
1.437995301094933041e+02
6.240373714518137049e+00
2.137853690259852613e+02
4.307359913558117981e+00
2.716353643012699877e+02
2.479738752642124677e-01
1.611481858360116632e+02
4.617523271031804821e-01
1.676222856400414907e+00
4.332608328017434474e+02
2.998325310445111747e+00
5.621075771053886116e-01
6.772269913338873071e-01
2.276907893696076428e+02
2.451161073400830333e+02
4.891536167561046922e-01
1.159045660580612092e+00
7.218821360564283696e-01
7.524871786489183423e-01
1.938428402576454213e+00
2.232214367181500347e-01
6.352459956781751904e-01
7.648091663288008046e-01
9.697773359449248787e-01
1.993928120776674859e+02
1.715718215194366110e+02
1.263814461842129200e+00
4.781670216804946305e-01
2.665271492711713108e+02
2.529334738478785027e+02
4.489220736353110031e-01
2.181723278699721789e+02
1.847970310373560909e-01
2.644399987796395846e-01
1.087199145966898817e+00
2.863734116528310336e-01
1.765488216833411457e+02
1.376059796170936655e+00
3.021321615758671419e-01
2.050383990106024457e-01
4.311453446816113200e+00
1.382819695404211124e+00
2.330083740634588878e+02
2.121892329512791662e+02
2.114946903780286789e+02
1.339751047290281161e+00
2.446426312116634563e+02
7.838287606626711579e+01
2.460186555510722517e+00
2.176770756168539822e-01
2.146228212941893587e-01
2.240499334078485949e-01
7.407752289615365804e-01
1.249580797293025070e+00
1.512498209365048467e+02
7.540323511172788429e-01
6.478017363701698006e-01
6.983942512116029233e-01
2.472401782861988473e-01
1.241148131239015129e+00
6.177958240659267020e-01
3.531731207955431939e-01
4.347891798763391380e-01
1.215562659352038832e-01
3.158080598118134241e-01
3.672589929601553393e+00
2.407894733115550139e+02
1.242214878626579422e+00
1.322824927520819704e+00
3.801291217610774709e+00
6.817325921340967909e+01
9.392812448102714207e-01
4.078433342781224158e-01
2.995871452578748872e-01
9.131830088926025102e-01
4.516989831909853370e-01
3.186503982467196465e+02
3.620638318057964877e-01
7.151326710494511074e-01
4.179534784561566241e+00
2.663480501558923379e+02
2.937211806868934350e+00
1.416351854842647917e+00
3.779789176356481151e-01
1.087140716406346241e+00
4.383113626314609212e-01
1.646854303868752867e+00
1.750973828293262979e-01
2.419254856273262699e-01
1.273680017348592708e+00
8.894800511181402136e-01
2.436678666311426866e+02
2.428087945909132572e-01
3.079362235389082603e+00
1.479426778820041477e+02
4.508556221913861406e-01
6.120922933542653155e+00
3.029478961782604642e+02
4.231954191353539674e-01
3.359845688646714290e-01
2.942197689009486528e+00
8.844581578062197247e-01
2.139299177681943664e-01
1.338395566783668222e+00
1.483740847808711072e+00
1.483182332606527210e+00
2.164326973319210197e+02
3.866390030159067237e+00
2.468770379387069340e+02
5.009416153059925714e-01
9.915650605655104144e-01
7.069694744850363310e-01
4.750781451323928262e-01
2.853437868028425441e+02
1.195597800846344816e+00
3.446417038591013671e-01
3.871467025109978088e-01
2.015677026623743870e+02
1.728774661676318602e-01
3.652020770451018805e-01
5.197964244585108196e-01
5.842834369083884649e-01
3.720247490301698545e-01
4.298596336330931522e-01
5.639772758731534941e-01
1.895119948901215212e-01
1.127178667711645099e+00
1.444082359409538299e+02
1.454638659507921039e+00
5.942989899965888112e-01
1.129337857312497473e+00
8.197183439337180744e+01
8.190804514735909869e-01
4.807950395812075617e-01
1.313609517401689741e+00
3.139327013440180170e-01
2.438265717007370159e-01
2.397957296321341358e-01
1.532213184400388339e+00
2.586636616856313253e+02
1.497142139370989184e+02
2.128311984389853473e-01
8.334654706590127748e-01
7.475066557742161555e-01
1.301783443551717934e+00
1.212407473771621724e+00
4.314041225195793250e-01
3.659537498037980785e-01
2.180184989656549222e-01
5.560523777080127461e-01
2.398615534930860493e-01
8.308198851936340890e-02
5.940624956701596737e-01
1.012459726352476164e+00
1.327574559104031104e+00
2.986241582464162434e+02
1.000470361478529080e+00
3.157295875606704327e-01
8.565936165999968877e-01
1.494261567774339881e+02
5.489116486494977076e-01
1.187200379820282592e+00
4.598382061075120819e-01
2.631248264885827637e-01
1.612319293508479578e+00
1.300008260475674415e+00
2.290947284543755416e+02
6.015231707345577439e-01
4.638350352356439554e-01
2.368536064824907916e-01
4.001790096645642114e-01
3.094392708699676420e-01
4.284568650627293418e-01
2.671822852781893798e-01
5.752012523133974709e-01
3.609652412496468510e-01
5.640636105184805293e-01
2.769938523641622510e+02
2.150364410174057384e-01
9.017945811502397646e+01
3.308308081802586731e-01
4.107706751422380620e+00
2.551371637556839378e+00
5.032084263798570767e-01
2.843719976067740629e-01
1.239224874707280044e+00
1.523152186694618049e+00
4.213497875776907597e-01
2.781304515862378821e+02
5.408694525249591045e-01
2.086275178650449504e+02
5.099454447286239089e-01
2.140036425502446491e+02
7.335669476638020381e-01
2.930631587827206008e+00
1.207130190711747986e+00
1.136482434340662540e+00
4.818216435258798058e-01
2.641957822792526112e-01
2.112724180297263672e+02
1.100382784203792541e+00
1.152197223898860923e+00
1.659554551441014825e-01
1.715608583563734413e-01
1.912364509536704702e+02
4.496092199623832886e-01
